((("n" .
       [1])
  ("fmt" .
         [2 0 0])
  ("lol" .
         [2 0 0])
  ("Println" .
             [3 0 1 1 0 0 0])
  ("ioutil" .
            [0 0 0 1 0 0])
  ("errr" .
          [1 0 0 0])
  ("err" .
         [4 0 0])
  ("nil" .
         [2 0 0])
  ("string" .
            [5 0 0 0 0 0])
  ("filename" .
              [9 1 0 0 0 1 0 0])
  ("f" .
       [1])
  ("getFileName" .
                 [1 0 0 0 0 0 0 0 0 0 0])
  ("Clinew" .
            [1 0 0 0 0 0])
  ("cli_new" .
             [0 0 0 1 0 0 0])
  ("file" .
          [4 0 0 0])
  ("a" .
       [2])
  ("_" .
       [1])
  ("Parse" .
           [2 0 0 0 0])
  ("port" .
          [2 0 0 0])
  ("RawMessage" .
                [0 0 0 1 0 0 0 0 0 0])))
